207,206,29.2954224963182;51.7455875905694
206,205,36.579622150128;65.7694180240347
205,204,30.165134071624;44.9940646999329
204,94,37.5749936832685;53.0541237694561
207,208,38.6820396287759;46.1851000778419
208,209,28.0158958944942;44.8783181405667
209,210,40.4935402940881;68.1331031881786
210,211,40.900773973718;42.1941745386636
211,212,42.1110349797324;38.4817256759916
212,213,55.3978599333551;70.566795918145
141,214,68.7442232962885;108.485356193956
214,213,60.9582272427211;87.0928355278343
213,341,64.4226821781799;112.770969786229
341,342,29.4634928279481;35.0629805934456
340,341,36.6293264607109;69.5162622607532
339,340,33.6786241722815;37.0687216703632
336,339,52.7987369731877;82.0700109051625
338,336,50.1997145164878;79.452805655911
336,337,33.3975494997252;49.7290629134273
337,217,30.7512875486149;30.161683765471
213,215,38.3854139819618;34.5954765561268
215,216,41.4784918741342;54.3030744492109
216,217,44.2204153721823;75.7851456499363
217,218,60.5676254745299;103.010579703585
214,220,36.7393172757987;56.8753858825657
220,219,40.8112279370457;44.7104819448618
219,218,45.1897389047843;63.70192441168
217,224,40.4945500719317;66.0075226645436
302,338,45.7454660238471;79.1114752443501
224,225,48.888142440203;55.1202290020867
225,226,35.9365077048718;65.2644859940067
218,229,43.903609102406;69.0605052331444
229,228,33.0423401748444;58.3185398497061
228,227,46.3293630488949;48.2245368102938
218,223,70.4774745648901;67.8321100722402
141,221,38.4061464698853;69.2246533629126
221,141,38.4061464698853;55.8647552139624
221,222,43.9460893148472;42.5036110756018
222,221,43.9460893148472;72.8400388071862
222,223,39.9809857420134;40.3714246706978
223,222,39.9809857420134;47.9142005622484
223,230,40.9856314367168;52.8735519196602
230,223,40.9856314367168;73.1665759735455
230,232,34.9302906303684;57.2544700766048
232,230,34.9302906303684;65.787934173777
232,231,49.4096850267291;70.376431793872
231,232,49.4096850267291;79.6980173954268
227,231,64.9209925088265;115.627226825282
227,289,42.4093668422623;41.7762829181423
289,290,32.4103242532871;42.6706910480146
290,288,52.2602660152701;96.3337089895827
297,227,27.9136837896092;45.0642157334543
227,296,30.0403283105206;53.6423554540763
226,297,34.3125386416661;43.2758798117439
296,226,31.5876661009811;30.0568163186076
226,299,38.4407853894836;50.8343731918335
299,300,27.5622790593259;40.2080133314029
298,226,35.7136530656022;49.5708761005946
301,298,30.3185431063309;36.9262104293543
303,301,22.0172237405941;30.058099723739
301,300,18.0012301407365;20.8863656145028
300,302,19.3037987750442;24.9669727281143
304,301,18.8750323262022;35.6105454129851
305,304,15.8912425066795;28.1615539375597
306,307,16.9944867726438;29.0067196430582
300,306,18.4574957880898;33.3764134302656
308,305,25.9470044994883;37.1017001427555
307,309,22.7890705570592;30.3748725879005
310,309,22.8579567678517;27.3025779146789
309,308,16.7304786735968;26.462084917614
308,311,21.1805485172517;24.9542918758327
312,308,33.1898729331201;60.7504177104683
315,312,30.7629968357283;40.5736722953045
309,313,28.8466986090768;31.1265329328676
313,314,37.0589431753979;49.041307440178
317,315,19.3042187684589;25.0219193506885
315,314,19.9875826131996;24.6651317985378
314,316,28.164526179743;51.0659360262468
319,315,41.1650644978682;43.5784392556496
321,320,27.0086086707747;36.4275832652792
320,322,16.2663469600244;29.9929485382811
322,323,25.8995646787899;36.9378444978736
322,319,20.2966445847958;21.335707278876
314,318,50.6699793458824;46.8006826967943
318,320,13.9656465077933;13.0981837979095
320,324,26.8701205378096;47.2374209431888
324,326,36.8113971770515;48.6987956322232
325,322,29.1454316307261;31.0566714057506
327,325,35.6086320473021;54.2153134434327
329,327,21.2058672851281;36.2189486275168
327,326,17.9727708224751;20.9962793100246
326,328,19.9321464071919;18.5039757391522
331,327,36.0638976904337;58.375132364522
326,330,39.0561307153996;39.7103569370564
330,332,27.5635778017458;44.076406038033
333,331,33.0386906365652;43.6452420183369
334,332,27.8778410852123;30.3555805505912
332,333,19.6810613611738;26.2383636666263
333,335,23.6337280604178;27.5648279171182
335,333,23.6337280604178;35.3995278138238
333,332,19.6810613611738;33.6659261383459
332,334,27.8778410852123;31.9691184279177
288,291,34.027134428479;63.1696963338366
291,291,0;0
291,292,22.0141023959067;23.1308362820318
292,293,34.7584820895996;51.0781678264665
293,294,33.3979842672536;48.7532849479383
294,295,36.5798809367266;68.0782114184002
295,285,30.1320666607209;34.884558660847
285,284,31.0819714352875;32.4276703646717
284,285,31.0819714352875;45.1389811159155
284,283,38.1429903362408;55.9368752538069
283,284,38.1429903362408;36.5534982510397
283,282,30.2662319146694;43.2642279107469
282,283,30.2662319146694;42.5402677167945
282,281,22.0138265852647;33.9268381023919
281,282,22.0138265852647;38.0799463203722
281,286,50.9886719232915;49.6730421556561
286,281,50.9886719232915;69.4130918514832
286,235,38.6440216979659;68.243856158052
235,286,38.6440216979659;52.6510286473397
235,231,34.6103626619101;45.7227244817123
231,235,34.6103626619101;31.1554596082022
281,287,37.7528615952261;44.1555246531886
287,288,30.7515017980777;31.3733737603527
280,281,19.1090921619472;34.8345969731252
279,280,26.8906341544336;28.6985708114418
278,279,22.6846264561185;29.2821491909368
277,278,13.7331668349015;18.8352618990131
276,277,19.8748578057243;18.6774912925912
275,276,32.1499484365512;41.6784480520811
274,275,36.9134562972742;52.2437272986278
273,274,25.0937059455735;36.2283377830327
236,237,48.7288797798264;85.7117664335246
237,238,32.5304909610591;44.7693517122023
238,239,46.6114385040588;53.6273428865519
239,271,34.8358235345422;47.5290701929983
239,240,36.4381007503238;63.4667840325244
273,272,43.1974325973448;65.4899599981645
272,271,33.0413990925889;41.5895474215961
271,270,40.1764665761807;64.5912084511976
270,269,31.6007151810445;29.6816338875728
269,254,33.3409941091414;54.7438057491609
242,243,32.5338893967868;33.6238930435058
253,254,26.2263896939991;48.3577642891891
254,268,19.8742419417633;23.079399185062
268,267,23.7994625670197;34.2030693872061
268,254,19.8742419417633;35.5632780284162
267,268,23.7994625670197;22.5264340196909
267,263,28.0153034208799;37.2702713921947
263,267,28.0153034208799;40.1125323858673
263,264,29.9404922138375;46.330879936432
264,263,29.9404922138375;33.4037260810173
264,265,30.9322141517673;51.0407316223127
265,264,30.9322141517673;36.9406570595208
265,266,34.3409162275136;30.9764646433242
266,265,34.3409162275136;31.3523840913164
266,147,25.6213149029287;30.0985572040604
147,266,25.6213149029287;27.6124482201575
145,257,26.6070213847763;24.9356847909031
257,258,20.4842488266263;31.7742991670567
258,259,25.4096134447131;46.0658461970835
259,260,24.3301439588144;31.7448327440657
260,255,27.8749175196052;37.2541081461119
262,263,29.1313867622874;38.079029970138
255,262,35.1200487074879;65.0180972053972
256,255,26.8897433670176;32.3642090096329
247,256,35.2877851922113;63.5239613048043
244,143,33.334856613527;59.7605842481085
245,244,29.6331350136774;32.7014859883193
246,245,32.5501922295539;42.4177948981081
247,246,32.6988081409329;45.1441779044895
223,247,68.7077374534463;97.9437074545142
248,247,25.9076707148152;46.9637705172429
249,248,26.5469011214245;29.3628041780838
250,249,15.8739701826258;16.4351838129479
255,261,35.7851268861823;44.3113655145019
261,252,33.2172534933949;42.0756679687224
252,251,30.4270150663183;29.9807101135972
251,250,29.6334148391247;31.4963517368337
252,253,36.9430612537535;40.3980964297016
253,252,36.9430612537535;52.0023170900678
234,233,27.3130228830067;43.4540627114833
233,234,27.3130228830067;25.672667315558
233,241,42.1106411936489;51.2016941080653
241,233,42.1106411936489;76.4630747634591
241,242,54.0965483971905;50.3850033646451
242,241,54.0965483971905;97.9342000777932
1595,1594,223.865505291048;350.381102140234
1592,1593,219.789042306693;237.12112954138
1592,1594,59.4967979911156;105.134606018204
1594,1592,59.4967979911156;63.286855564526
1591,1592,63.4878364473692;64.4899363636877
1592,1591,63.4878364473692;94.6104249141949
1588,1591,57.7504222936185;96.5787350827781
1591,1588,57.7504222936185;65.2177682096113
1587,1588,70.4840612807955;81.3682678073697
1588,1587,70.4840612807955;103.740820856129
1584,1587,60.7981436004968;83.3845897787123
1587,1584,60.7981436004968;99.5006065427052
1583,1584,66.2814883652412;82.6692149862111
1584,1583,66.2814883652412;117.803045753479
1543,1583,63.1865254374442;113.889384124483
1583,1543,63.1865254374442;86.3992306448789
1542,1543,67.9042243003553;104.255460443332
1543,1542,67.9042243003553;120.620233048331
1541,1542,67.826918076778;98.0738489813248
1542,1541,67.826918076778;85.8015126835368
1534,1541,61.4340036624072;102.166038238486
1541,1534,61.4340036624072;63.447363063838
1532,1534,66.9760552502394;117.745746537105
1534,1532,66.9760552502394;61.0701164380993
1530,1532,61.5976744419204;106.211645786865
1532,1530,61.5976744419204;112.460968335224
1528,1530,64.3491045854878;113.276553186773
1530,1528,64.3491045854878;113.980963043351
1527,1528,66.184950574425;69.092533448358
1528,1527,66.184950574425;119.619658366542
1524,1527,61.701181554276;96.5113578460465
1527,1524,61.701181554276;77.4031228851384
1523,1524,64.979492383102;116.880176113537
1524,1523,64.979492383102;84.7798996467204
1522,1523,65.6425182714299;78.1336906347343
1523,1522,65.6425182714299;66.0398412403583
1521,1522,66.6195284914771;81.699168112101
1522,1521,66.6195284914771;91.9447620676288
1558,1521,65.9933296937379;85.612145873129
1521,1558,65.9933296937379;72.3006048028294
1520,1558,59.2478027884127;99.4168205399013
1558,1520,59.2478027884127;54.4476113142327
1519,1520,67.0906584728972;83.9011908326458
1520,1519,67.0906584728972;93.9977095752148
1518,1519,68.5674831629917;63.8449072906024
1519,1518,68.5674831629917;91.5885551459641
1375,1518,122.83542047546;167.161854320177
1518,1375,122.83542047546;174.529952744829
1374,1375,72.4930499276885;81.650947251488
1375,1162,123.048181076825;206.501065739662
1162,1161,146.585611597304;161.925255895863
1161,1162,146.585611597304;136.52323664064
1162,1374,52.6844271061855;96.4662474716923
1161,1160,176.878564369989;272.963174180942
1160,1161,176.878564369989;274.89940942403
1158,1160,142.674884921148;205.415220517574
1160,1158,142.674884921148;268.118631087608
1159,1158,112.875063506165;197.229835724607
1158,1159,112.875063506165;212.6169979287
1152,1159,138.236285546617;219.99356488966
1159,1152,138.236285546617;214.271676399649
1151,1152,137.541197066915;194.598521536051
1152,1151,137.541197066915;139.554931278728
1150,1151,64.4997189962608;105.258135860672
1151,1150,64.4997189962608;101.461395850295
1149,1150,62.4233767384805;73.0074264456834
1150,1149,62.4233767384805;98.4711776598921
1148,1149,65.2427196313382;96.3724981710898
1149,1148,65.2427196313382;113.666657187131
1117,2738,229.713355612819;384.962013198119
2738,1117,229.713355612819;285.780614661255
2738,1148,63.7839300670192;118.30799329853
1148,2738,63.7839300670192;85.8944894723114
1115,2738,63.4350466722715;96.2140621399513
2738,1115,63.4350466722715;118.56092008525
1113,1115,63.7482298544185;114.074423301032
1115,1113,63.7482298544185;81.8895564223861
1111,1113,68.8611096772422;119.696631424672
1113,1111,68.8611096772422;126.682857598141
1106,1111,77.4734322127245;112.875830797741
1111,1106,77.4734322127245;92.9379534962648
1110,1106,68.3710570297807;114.230119382774
1106,1110,68.3710570297807;107.821640837389
1109,1110,71.8198134966843;70.2629933359124
1110,1109,71.8198134966843;131.592111902302
1091,1109,63.5381874386227;101.176608526925
1109,1091,63.5381874386227;77.9641587136625
1089,1091,69.5642085077163;127.088611080318
1091,1089,69.5642085077163;88.096798894838
1088,1089,64.5969151754144;80.0477314394993
1089,1088,64.5969151754144;77.3739302448932
1083,1088,58.3373694184776;104.674565086554
1088,1083,58.3373694184776;86.6080688903831
1084,1083,65.4189890206453;95.5566863855307
1083,1084,65.4189890206453;94.9137724226482
2739,1079,11.7637652924764;12.5405299088572
1079,2739,11.7637652924764;16.1078041803028
1079,1080,100.968470320086;110.179382573473
1080,1079,100.968470320086;145.41509599684
1084,2739,62.2749701474787;110.333066436116
2739,1084,62.2749701474787;78.8920110743362
1077,2739,64.0155441337506;106.792512810247
2739,1077,64.0155441337506;61.7664507948489
1076,1077,72.4636138820724;108.089227211937
1077,1076,72.4636138820724;133.616663078606
1071,1076,66.8652058786516;97.4819238878121
1076,1071,66.8652058786516;93.3251537066676
1065,1071,67.3143064811531;99.1711294713906
1071,1065,67.3143064811531;68.708989516342
1064,1065,56.4218242093038;78.0802860784854
1065,1064,56.4218242093038;66.8857205680384
1064,2740,68.112450497928;102.660038894072
2740,1064,68.112450497928;109.570310695355
1062,1063,61.0382062316491;115.782638103139
1063,1064,80.3553362933987;137.620559154311
1061,1062,65.9822701888869;97.8990686111764
1061,2740,138.238790296215;176.766690761332
2740,1061,138.238790296215;262.098073180243
1061,2741,52.9134892465616;97.5055169495305
2741,1061,52.9134892465616;69.6915940572917
1060,2741,61.6390874506011;110.630872188416
2741,1060,61.6390874506011;57.3944434584712
1059,1060,66.6468771894911;104.141261245663
1060,1059,66.6468771894911;93.0216312382256
1058,1059,63.0815289518116;102.150605192794
1059,1058,63.0815289518116;110.749897967594
1058,1056,74.6902574297683;90.6603141619647
1056,1058,74.6902574297683;120.881347584353
1057,1056,64.2662928161044;63.2949094049704
1056,1057,64.2662928161044;116.838758376739
916,1055,115.39598298416;125.998448639996
1055,2742,8.41326128110077;8.25068140754579
2742,1057,63.4029723254959;62.8718109592031
1057,2742,63.4029723254959;114.59354346252
1054,2742,63.4613002242281;80.9264681635768
2742,1054,63.4613002242281;115.878799568407
2743,1054,66.6506600580448;84.7182383134099
1054,2743,66.6506600580448;60.5887854120064
920,1053,120.242401226967;217.096638128356
1053,2743,6.47066695058136;5.847175730811
2743,1053,6.47066695058136;11.3726746327839
1053,920,120.242401226967;205.960771571668
1052,2743,62.7690888086202;97.3256732576088
2743,1052,62.7690888086202;89.931024602218
1050,1052,69.4816168301689;74.1699230672784
1052,1050,69.4816168301689;83.6416777237889
1049,1050,69.9328453891872;72.5224653575097
1050,1049,69.9328453891872;128.349128381278
1049,1048,63.4675561115506;65.8887896227161
1048,1049,63.4675561115506;84.7157173351118
1050,1051,93.1880724896283;156.606420040469
1051,1050,93.1880724896283;161.895757382108
1047,1051,66.1160570615511;109.464134745159
1051,1047,66.1160570615511;85.5282234803062
1047,1046,67.4956058759037;106.160597534889
1046,1047,67.4956058759037;75.6164130959059
1045,1046,56.1889025724308;59.2751332540644
1046,1045,56.1889025724308;87.0956818583802
1045,1043,116.881040214204;159.25173645275
1048,1043,67.2637517676557;89.5944837630117
1043,1048,67.2637517676557;60.5525808516414
1044,1045,71.8539265254136;101.279671928693
1045,1044,71.8539265254136;93.0520239854035
1041,1044,62.8223322732135;82.0436567115408
1044,1041,62.8223322732135;74.850173238685
1042,1044,134.653498950856;169.400227277453
1041,1040,149.886691355657;150.653416673036
2744,1041,65.8385706703338;120.604674619031
1041,2744,65.8385706703338;63.7412374699704
1038,2744,9.13007610293952;14.1559532734779
1039,1038,163.766582660412;235.176661446739
2744,2745,69.7274404256653;101.736544920749
2745,2744,69.7274404256653;132.380679152393
953,2745,69.8959484954568;92.3070666386001
2745,953,69.8959484954568;87.9618860522125
936,2746,33.1179938927;51.541698684105
2746,936,33.1179938927;46.0161608914138
1039,2746,73.5677693089399;75.3487415528311
2746,2747,73.824372710407;118.93390209793
2745,2746,184.923823624169;292.885445957029
2746,2745,184.923823624169;331.004058587336
936,935,66.9901241449062;119.03453987291
935,1039,46.0378709872257;49.5753023956634
935,934,60.5196161388836;56.9874603907378
1043,1042,68.9855697451413;93.6272857248432
1042,1043,68.9855697451413;112.885728995065
1040,1042,70.9612195998487;102.810549197925
1042,1040,70.9612195998487;98.6334565557761
1039,1040,61.8666149075774;62.1101269645786
1040,1039,61.8666149075774;116.897536152128
2747,952,119.266267188824;154.764804614853
952,953,88.0189179353578;138.788873243557
954,953,66.0340943469375;90.1594893698103
953,954,66.0340943469375;106.073564661869
954,951,108.50367217282;204.593434329178
951,943,106.190688575793;159.239651078057
2747,2748,23.8871939367528;34.5968620360658
2748,943,45.3114394389886;45.1214759025327
2747,939,18.4462521088314;17.686940646815
939,936,78.0762556226983;144.004597981374
942,939,62.9634043891291;62.4393362165339
2748,2749,46.6730712573812;62.2678676476678
2749,942,14.5292618040847;15.8038251553352
942,940,88.0958988234204;87.2758183089837
940,456,91.2949826242085;140.131541254212
943,2749,29.6933402774793;41.9834317769789
949,943,62.8140391905103;63.472317792822
2749,941,80.9978842474549;106.231919916989
941,949,70.0001161429034;85.2467416021763
941,942,76.2497031167011;124.790043043607
944,941,71.6454374979629;121.321296741908
941,944,71.6454374979629;122.105577310806
950,944,105.907300629041;144.00715994055
950,949,62.8271345636184;89.4050678647104
948,950,61.8070178306485;98.3347025945785
947,948,64.2781237073047;111.944511944975
947,955,101.05928907242;152.857664163831
955,956,118.017799717641;131.287188592868
956,977,154.755841730179;238.833106499404
977,956,154.755841730179;255.044685391776
977,979,319.907352074172;571.189766725243
956,959,67.7587915667256;123.507071078526
959,956,67.7587915667256;85.5272229445271
959,958,110.757884198519;158.405225447144
958,957,113.358860866171;186.240565974315
959,975,60.6058651918772;75.3168443277854
975,959,60.6058651918772;113.981645943958
974,975,68.9852076839028;66.321189770047
975,974,68.9852076839028;117.780761835735
2751,975,146.966380134161;173.060789926154
974,2750,164.915625859355;205.178299139642
2751,2750,61.6080346857785;78.3951034077494
2750,979,133.12288890601;237.63493832137
979,971,204.381303752931;185.894156674686
971,979,204.381303752931;264.360656252854
974,973,56.7203750960092;106.395990707475
973,974,56.7203750960092;69.6570333192992
971,973,69.3762450879863;77.2554857194871
973,971,69.3762450879863;104.114206962649
971,970,102.620793020355;111.741632563488
970,966,115.687766281851;153.859546453767
975,960,223.022687468612;271.090385624508
974,962,220.479802207062;285.076888144234
962,974,220.479802207062;259.830805168876
971,972,59.8650094811695;102.739952135002
972,971,59.8650094811695;55.4126754473093
972,1037,63.1015423959107;93.2283614489358
1037,972,63.1015423959107;82.705189019488
1036,1037,68.0408593286659;94.6738269514798
1037,1036,68.0408593286659;127.913241327978
1035,1036,69.5748652194668;95.4462165546362
1036,1035,69.5748652194668;71.4737541359948
1034,1035,64.5351074398509;107.046858564146
1035,1034,64.5351074398509;68.623826593991
1034,1033,57.2799155784787;102.515602799719
1033,1034,57.2799155784787;95.9567548370488
1033,2752,7.93508921963001;9.01016718692733
2752,1033,7.93508921963001;12.9128293593118
988,2752,217.290194147659;342.468395983754
1034,987,222.387560922531;233.62190245425
2752,1032,66.5977754198568;69.3128068572005
1032,1031,128.270813559698;164.423139543936
1031,1030,64.4529443417925;67.0941851062557
1030,1031,64.4529443417925;89.5868055145878
1030,1029,60.3195262559451;102.788557781231
1029,1030,60.3195262559451;100.291806645
1029,1028,66.717785364852;61.0214332490011
1028,1027,63.0542629765296;71.7698737097237
1027,1026,61.855759518083;75.6052911482705
1026,1025,61.8182194714226;69.3568869854653
1025,1024,65.6640157202683;78.974557340359
1024,1023,66.0741221967331;101.376872038652
1023,1022,65.3895419350492;66.8811745296025
1022,1021,66.9964105736676;70.6498927176302
1021,1794,66.0522890588159;81.9027177621368
1794,1795,66.6764207837125;60.4275027063231
1020,1794,137.432293677838;128.457825864155
1795,1796,125.661701171396;154.317045951862
1795,1798,59.5964832853086;77.9994872200616
1798,1795,59.5964832853086;72.216671113005
1797,1798,211.461877019758;197.444790999924
1798,1799,62.9688154591342;73.9751067000624
1799,2753,24.6627746162137;22.3046945986013
2753,1800,58.4537828255189;74.4782323860739
1800,1801,31.5305255507374;54.0314453068855
1799,1801,63.3012496202425;85.5576302676224
1801,1799,63.3012496202425;107.857354272425
1801,1807,58.2288649917069;56.4285248435413
1807,1801,58.2288649917069;60.3058362365008
1807,1810,123.065507441241;214.558745937098
1811,1801,104.141366370567;183.837277876016
1799,1812,118.589324913658;206.505151809211
1807,1806,71.8558394464828;67.8502091156748
1806,1807,71.8558394464828;109.4567921657
1809,1806,112.966690507109;195.375089586609
1809,1810,60.241802153066;108.000200263401
1804,1806,60.6965870626507;100.408856488244
1806,1804,60.6965870626507;87.1099627599758
1800,1802,171.667420154347;252.755129334105
1802,1803,156.015564575935;195.011197515272
1803,2754,18.7233278894676;24.4659013441837
2754,1804,188.602522210619;295.819107566264
1804,2754,188.602522210619;334.073255170915
1804,1805,71.9155410351621;126.920944100866
1805,1804,71.9155410351621;98.140552056239
1808,1804,113.208609710276;154.460925595124
1804,1808,113.208609710276;111.1331875823
1808,1809,67.154373008663;102.54652390565
1809,1808,67.154373008663;75.6767946630376
1816,1809,100.738629651327;90.7856025488732
1819,1805,106.826985650747;192.389308617281
1819,1808,63.4447452100226;61.0579754355824
1805,1821,113.948155414746;207.460100821569
1821,1822,75.1518366142722;70.611137353245
1822,1845,106.296591751375;184.035923729673
1821,1820,101.961187294228;187.653670840031
1820,1819,116.030993107998;203.559673715043
1822,1843,59.2361740443207;98.7681812287407
1843,1822,59.2361740443207;82.2977289271854
1843,1844,64.8194916979648;73.3733470467843
1844,1843,64.8194916979648;76.5569622878483
1846,1843,113.682634585567;117.287251208651
1844,1847,92.909718489665;156.44597195003
1847,1852,123.896698072389;125.808758842098
1851,1846,104.150150805197;147.554608854942
1845,1823,108.784413392714;98.8470125693651
1844,1849,61.8335926676233;68.7316401644393
1849,1844,61.8335926676233;92.4660824213212
1849,1850,66.5357484137988;94.4237785754777
1850,1863,62.2190839481279;94.4047332313936
1863,1866,59.2698833165819;105.249423867254
1866,1863,59.2698833165819;99.9560401795167
1864,1863,224.486588227324;272.352491652142
1850,1862,99.3770464556777;122.086026081886
1862,1861,118.539607248692;204.319448890511
1853,1848,142.167270433777;264.436416361942
1848,1849,74.2463481344781;110.73715526842
1866,1865,220.689462304753;321.70686063552
1867,1868,80.8096169038705;135.601551381993
1868,1867,80.8096169038705;112.25439176477
1867,1865,70.8381433127981;108.914193548654
1865,1864,61.4582377801107;73.1185671408791
1864,1861,67.1020978903005;100.910728575316
1861,1853,61.5890473429342;65.6214756859537
1853,1852,61.1830803837349;57.1189253377388
1852,1851,62.9384195498087;99.8024298656878
1851,1823,62.8378596725054;60.7224650366932
1823,1824,61.0270572527021;83.2116655062498
1824,1818,124.258056613849;190.299212189247
1818,1819,113.421093154689;140.18442632514
1808,1817,106.185047345398;196.786332311123
1817,1808,106.185047345398;118.397576896495
1817,1816,65.0670251522345;103.205350811329
1818,1817,74.1688246219228;117.158069864242
1816,1815,61.4518525211751;70.8780706682477
1815,1816,61.4518525211751;104.520754086252
1810,1815,97.4524552385702;97.2083021605487
1815,1814,64.755122106163;111.556848898785
1814,1815,64.755122106163;114.737302621483
1814,1811,111.678397714165;209.209195119423
1814,1813,64.1000001129833;78.1375026581956
1813,1797,62.9324648827098;70.8882675761585
1797,1019,58.0887004601349;94.0060903830213
1796,1019,93.1479391785801;114.785553652209
1019,1017,70.6481633119433;81.6170451877796
1017,1019,70.6481633119433;125.226407132045
1017,1020,83.555004214267;116.125677283441
1796,1020,56.0642237537231;97.4838303950762
1020,1796,56.0642237537231;75.047089795142
1017,1018,59.3365545662929;53.4209496618753
1021,1018,217.774330900641;345.692921675604
1018,1021,217.774330900641;354.950757863944
1018,1012,76.4164177304929;93.7232784721645
1012,1022,220.088948227083;398.116639456426
1012,1011,60.2072348473691;79.1654978125355
1023,1011,217.921388261385;234.986080208736
1011,1007,60.8771361314723;73.9430094745377
1007,1024,217.49593975212;204.420456173407
1007,1006,67.4436673162065;89.0594867894898
1006,1005,65.0918115881848;86.6663970148577
1025,1006,219.027175572027;348.23541214245
1005,1026,220.513288649246;284.72135610241
1005,1003,63.4739934155806;112.069986303934
1027,1003,220.46492332886;213.505780748356
1003,1001,58.9340389824113;97.7611151291002
1001,1003,58.9340389824113;111.774107257312
1001,1028,212.834103709082;328.93824316396
1001,999,70.8789052672921;124.925103589961
999,1001,70.8789052672921;130.186598199962
1029,999,222.078327464777;366.270455094301
999,997,59.6044360578153;74.2543669449452
997,999,59.6044360578153;56.8369028111431
997,1030,220.799340505716;354.539708989519
997,995,61.816428159757;78.835975654789
1031,995,218.944311516692;230.53031327188
995,992,67.2720635639929;91.7459665964785
992,995,67.2720635639929;88.7393048875723
992,991,61.3091521253201;91.3736764152876
1032,991,223.790688907467;393.133661420143
991,988,67.3757929385566;96.3216791932031
988,987,55.3941929847679;76.716770952418
987,988,55.3941929847679;57.4474392349003
987,985,73.1716801941935;122.329416402988
1035,985,219.917008929328;412.992073430591
985,1035,219.917008929328;294.293824801196
985,981,66.9997590088645;113.990159965501
1036,981,221.329236326997;260.234726519322
981,980,64.535012745877;105.368767414225
980,1037,218.292427671581;272.147628254238
980,967,65.4327937384214;72.9452634038957
967,980,65.4327937384214;91.2170138177675
967,966,63.4785169848424;119.508223476
966,967,63.4785169848424;113.348722608899
967,969,118.213902883284;182.338157757753
969,972,102.873998638413;128.615645174271
966,965,62.0852154523488;117.703697280519
966,965,62.0852154523488;76.553721517903
965,964,108.867902126845;159.544663436743
964,437,101.295184513658;129.115557588458
964,965,108.867902126845;156.702922793614
437,964,101.295184513658;141.275566720409
965,962,66.6675532601733;124.609731470786
962,960,62.7800677016909;109.062905215939
960,957,64.6205292775889;121.984982598527
957,960,64.6205292775889;82.387077942684
957,961,87.0836726232325;102.576185375349
961,963,61.0548495738285;113.86191250797
957,947,65.0478947107436;76.6929520421712
947,957,65.0478947107436;59.9528011746953
946,947,168.02188576264;230.556474207458
945,948,126.290434239037;226.182345548921
945,944,65.1879772828385;90.4464050225531
944,945,65.1879772828385;62.0854928166063
946,945,79.5949744270646;113.569005707922
945,946,79.5949744270646;106.108499638605
443,946,49.3778405272372;53.9811745169509
946,443,49.3778405272372;46.4424821039146
450,443,69.296260954299;114.223489829188
450,945,88.1257770486799;114.896553335377
944,453,111.823231033263;140.065245516833
453,944,111.823231033263;149.095846723093
453,452,97.8275792444972;89.2602434264754
450,453,64.5306882018512;75.771696034701
453,450,64.5306882018512;87.7329175581293
453,455,64.7163965744541;64.138952927919
455,453,64.7163965744541;109.944080631192
455,941,145.055589783165;216.21194085873
456,455,62.0478994931342;97.7009446945458
464,456,65.3751511559152;110.499005469807
456,464,65.3751511559152;97.0962904575895
464,938,113.575945864004;204.360383629548
938,939,93.331935828431;172.210595809004
464,465,68.257749037253;79.87513689012
465,464,68.257749037253;106.300837095604
465,937,125.100513662712;182.685751527098
937,465,125.100513662712;202.338369795486
936,937,96.789086972308;101.663897931516
937,936,96.789086972308;137.132234313959
465,466,69.2922441039509;127.193090565023
466,465,69.2922441039509;100.902034169666
466,467,67.3297715814643;120.364477822083
467,466,67.3297715814643;113.831278778748
466,935,223.007523090312;409.151072484592
934,933,113.702810723998;130.247168973479
933,467,109.692235173005;193.725535101247
467,472,64.7126055337444;105.538574573497
472,467,64.7126055337444;118.877876640125
475,472,61.8160550504317;59.0923717829326
472,931,117.21624514996;135.826476296363
931,932,95.5041723380308;108.382778939402
934,932,66.8637348341519;119.484845125233
932,930,68.3189806617143;105.697080139866
1043,930,104.56758979247;140.685349327778
930,1043,104.56758979247;132.365900997446
930,929,108.583566514465;117.085723115039
930,928,66.6546140633656;89.1019415017496
928,1048,114.267788396054;176.304025344819
928,926,59.2410617554958;58.2022746493524
1049,926,118.994542072553;177.118475187541
926,924,65.071930745718;77.4170893340047
926,925,115.884802749321;116.902213138763
924,923,118.7766277752;177.84434884109
923,924,118.7766277752;109.594404471841
1050,924,124.235271381323;162.317999452431
924,1050,124.235271381323;181.424471298606
924,922,72.3352348327983;118.813626389305
1052,922,123.327018722191;194.902949771134
922,920,61.2035070508303;79.7070349531607
920,918,72.7054952586939;77.2515797700508
1054,918,131.468994615564;140.694450669379
918,916,61.8487853863071;84.3362013756924
916,915,62.5424193329072;96.6730960629144
915,912,66.2122547349525;108.923772811409
1057,915,119.612702581683;114.730189526834
912,1056,122.753350475408;125.511142034092
912,910,66.7782641391381;75.9996995882512
1058,910,112.759382851878;153.543793192559
910,1058,112.759382851878;176.787046285241
910,906,70.9754665597768;113.294208077081
906,1059,105.254727821651;157.799129829091
906,905,68.2458029425102;124.944082958793
1060,905,111.022043215348;120.932462792579
905,903,60.2160357747213;54.2983236377842
903,2741,112.208371574765;148.543216497571
903,904,62.8143102536166;90.4174348307656
1061,904,113.331522110174;141.50551995104
904,898,64.701413992551;86.0112063692942
898,1062,100.403689588129;110.155078425758
899,898,106.953179011838;105.102344129439
898,1068,60.664559626106;88.3957970421138
1063,1068,99.7413502528085;158.602961026717
1068,1067,68.2426222092171;97.8819973890908
2740,1068,112.707162646389;188.583510746829
1067,1064,110.908376134502;178.321440699218
1067,1066,58.9086229342673;111.164764058515
1065,1066,112.695197440032;181.701390645368
1066,1070,65.0216981206612;74.5628991693647
1070,1071,117.361153875647;177.202021627573
1070,1075,71.1681946359803;74.0118288571209
1076,1075,111.650442305008;156.657216267722
1075,1076,111.650442305008;158.248086065108
1077,1078,113.565828375366;164.683484430815
1078,1077,113.565828375366;198.371494059915
1075,1078,73.4432372288287;135.738323292902
1078,1080,59.577483830106;70.2889534778098
1080,1081,64.6357460876068;114.811925069666
1081,1084,117.186969501627;173.914122699782
1081,1082,65.7307399292206;99.4172804649047
1083,1082,104.543314143864;157.438810812571
1082,1087,64.0204419446459;100.464254985236
1087,1088,117.76594041822;143.459021902937
1087,1090,65.6936538879013;115.774085211741
1089,1090,111.341344427763;203.634446161914
1090,1092,67.7358032747076;96.5520514759837
1092,1091,113.876805012701;208.399036177401
1092,1108,58.4258126244207;55.4440859445035
1108,1109,122.958757564431;152.35555810669
1109,1108,122.958757564431;226.512582128516
1108,1093,213.519632342723;235.011154821341
1108,1107,64.1119364794719;104.337154977209
1107,1110,141.565098902717;160.919508290473
1166,1107,77.008668292292;130.78781550003
1107,1105,67.0156904846437;71.5796992956716
1106,1105,175.076495801869;179.174953340279
1105,1106,175.076495801869;312.832407139711
1105,1112,68.0030161081356;86.7279237090531
1112,1114,65.0657363645254;100.229097343976
1114,1116,62.9899523436818;119.013570307805
1116,1117,58.6012912598381;84.0089216762023
1116,1115,222.565534474863;392.861793084319
1113,1114,212.161699132469;270.388795116552
1147,1148,223.105898442683;404.351174063569
1117,1147,71.2314102308314;130.887030845018
1147,1117,71.2314102308314;72.714528919265
1147,1145,64.070882909142;105.165841235381
1145,1147,64.070882909142;90.9110481618826
1149,1145,219.599422063644;385.13322704659
1145,1144,63.1534446201288;97.6026736891215
1144,1145,63.1534446201288;104.218366113639
1144,1150,222.471321187355;345.544139070563
1144,1153,69.0858901545282;99.1713223857932
1153,1144,69.0858901545282;71.7514682033183
1153,1154,56.3228027641798;55.9786409698001
1154,1153,56.3228027641798;89.761220560066
1151,1153,223.261229993726;357.516486392453
1154,1155,76.023110834154;70.6784362355319
1155,1154,76.023110834154;73.9102657340768
1155,1140,135.093250986876;175.251816004525
1140,1155,135.093250986876;225.202777844963
1154,1141,132.008591919215;126.774962684829
1141,1154,132.008591919215;184.365147370482
1155,1156,132.850317715307;219.598962872129
1156,1139,123.533233010365;116.911265992379
1139,1156,123.533233010365;230.616134868616
1156,1157,123.546236050411;155.072505519889
1157,1156,123.546236050411;149.958668850698
1158,1157,222.6113869768;406.879984308569
1157,1158,222.6113869768;285.9924123169
2755,1135,65.6860207868796;103.015602797307
1135,2755,65.6860207868796;63.9073379038322
1136,2755,109.47982256036;205.733450294699
2756,1158,69.5007389864573;97.0321359866246
1158,2756,69.5007389864573;98.0224287634995
1160,2756,73.6855027272408;70.5791994810713
2756,1160,73.6855027272408;137.114788513108
2755,2756,220.252514272697;392.324887670985
1160,1135,222.76068662087;335.839417411938
1157,1137,121.378336201128;204.844519611145
1137,1157,121.378336201128;158.790812973341
1157,2758,62.4328610693372;76.7792355346683
2758,1157,62.4328610693372;89.8547622305392
1156,2758,61.1340613738039;65.6513520410499
2758,1156,61.1340613738039;107.852809866287
2758,1138,127.209393293454;116.77749386317
1138,2758,127.209393293454;213.892092422505
1136,2757,43.8520976758153;52.6953046082413
2757,1136,43.8520976758153;57.1442696914392
2757,2759,41.0761555350451;66.2937399716031
2759,2757,41.0761555350451;70.5967073336541
2759,1135,64.9412106491009;62.5369817304119
1135,2759,64.9412106491009;113.029764673933
1137,1136,69.8348070753405;119.876608216155
1136,1137,69.8348070753405;84.6187826365478
1138,1137,63.1456636538342;60.2629431316548
1137,1138,63.1456636538342;103.85303025575
1139,1138,64.8663315476619;64.4534923773545
1138,1139,64.8663315476619;104.493872733294
1140,1139,131.313375408192;198.792422049251
1139,1140,131.313375408192;226.29382942137
1141,1140,71.9447482982398;82.1680877199496
1140,1141,71.9447482982398;89.4671609698676
1153,1142,141.288228432877;227.008010755521
1142,1141,62.4868527037468;65.5792057825558
1141,1142,62.4868527037468;68.6482532468699
1143,1142,66.8394246353918;99.0859023928312
1142,1143,66.8394246353918;111.91646856658
1144,1143,161.792454441672;307.083988584361
1143,1144,161.792454441672;161.706005027461
1146,1143,100.019583612613;182.975627360301
1143,1146,100.019583612613;92.7731557687397
1146,1121,103.851988162198;188.755560854377
1121,1146,103.851988162198;158.065267610541
1135,1134,59.4446004130962;104.681702548878
1134,1135,59.4446004130962;92.6911082952048
1134,1163,138.190001108916;193.93423032519
1163,1134,138.190001108916;220.005028467677
1163,1372,80.5262013466589;97.3821563375692
1372,1163,80.5262013466589;76.6586453719611
1161,1163,216.675940202416;212.928942384355
1163,1161,216.675940202416;277.203392404715
1374,1373,120.25778530795;187.323479489195
1373,1374,120.25778530795;145.490806570751
1372,1373,115.667344514177;118.244923002113
1373,1372,115.667344514177;165.046029394452
1512,1515,149.854920347956;254.684903252824
2760,1375,27.2150177108538;26.8783611365499
1515,2760,71.0974959379208;115.341400875009
2760,1515,71.0974959379208;69.2900856422037
1515,1516,31.8907080122722;54.9427672865638
1516,1514,114.904346795385;123.536536507542
1372,1512,80.5447393225066;90.0197124296333
1512,1372,80.5447393225066;131.572715410432
1512,1513,37.7135644213507;57.8224742494794
1513,1512,37.7135644213507;52.3136671415821
1513,1514,62.4274286716203;99.0559177402239
1514,1513,62.4274286716203;82.990146835898
1514,1567,63.7734242235513;69.4816018908659
1567,1514,63.7734242235513;60.1662402153527
1567,1568,65.1798583100783;59.7188159245956
1568,1567,65.1798583100783;84.7377015599168
1568,1569,122.068334187012;129.414506036832
1569,1568,122.068334187012;226.860387447868
1569,1557,66.7474906771025;65.0183746509731
1557,1569,66.7474906771025;95.7395011902978
1558,1557,219.754213905009;351.407405197693
1520,1569,221.47812196914;225.438468822746
1569,1520,221.47812196914;338.236325301958
1557,1554,67.6029833316935;105.897680092245
1554,1557,67.6029833316935;92.2614551393464
1521,1554,219.691438590946;400.214336909968
1554,1521,219.691438590946;280.912422666991
1554,1555,69.5427332772618;111.981281360511
1555,1554,69.5427332772618;130.185634649074
1522,1555,218.963303682495;352.830991648303
1555,1552,125.618096475575;230.920755117647
1552,1555,125.618096475575;173.659269791987
1522,1525,147.598607785655;188.760879883021
1525,1552,159.729999255627;276.235361141175
1524,1525,63.7016250466446;100.439356467027
1526,1525,68.4000680787617;112.402051494182
1526,1527,90.538488387006;107.810272761034
1551,1526,134.616663932448;132.699041521644
1552,1551,63.1190397617701;78.534296906166
1551,1552,63.1190397617701;75.9216680606691
1551,1550,64.1932916118697;63.4275515597377
1550,1551,64.1932916118697;95.2112758824706
1529,1550,105.555968539083;116.161377503604
1539,1529,55.0229361708387;52.3323300329141
1528,1539,56.4634146677555;92.8660736039805
1526,1529,67.3569599289899;89.9984253651964
1529,1531,67.7202681242299;102.163052914661
1531,1529,67.7202681242299;80.9671569234294
1531,1538,63.5903799455597;59.9454907938512
1538,1530,75.2863876105582;108.247300869719
1531,1533,70.7125161918724;132.753551647528
1533,1531,70.7125161918724;110.854597040269
1550,1549,63.1178460495454;117.46336137077
1549,1550,63.1178460495454;114.850781935515
1549,1531,84.2106099617532;135.974068045191
1531,1549,84.2106099617532;88.7727218631349
1532,1536,91.8920442981135;84.4463797596317
1536,1533,77.9396843149004;131.125487734718
1535,1537,103.803659792903;147.582212704306
1537,1534,86.809293667398;157.035225912665
1533,1535,66.7424872666978;118.918172838971
1535,1533,66.7424872666978;119.648782319647
1547,1535,28.292592723838;39.7982326435491
1546,1535,67.7564433946795;89.0356488174919
1535,1546,67.7564433946795;96.6515112664199
1547,1546,61.1194833720379;88.9163598831969
1546,1547,61.1194833720379;55.9276626072818
1541,1540,104.963110404463;192.312582817597
1540,1546,114.943732318497;164.598849491169
1542,1544,111.54606193187;188.933058936337
1544,1542,111.54606193187;145.873297039756
1543,1545,117.889850758685;193.64890358849
1582,1583,218.744569650142;359.560248733661
1545,1576,100.817034489554;116.579019508024
1584,1585,219.095849953828;298.512379464699
1586,1587,224.918518295241;272.106494461181
1588,1589,222.940353120183;415.119455378377
1590,1591,216.020493409571;242.048905835377
1546,1575,70.9885126656795;110.048216520637
1575,1546,70.9885126656795;123.675245991664
1544,1575,107.691625545362;161.785984850019
1575,1544,107.691625545362;172.711717191174
1575,1576,64.0214210127247;89.5499269877925
1576,1575,64.0214210127247;114.335550631607
1576,1582,66.5980222649911;62.5813547177172
1582,1576,66.5980222649911;71.6600169060865
1582,1585,59.8161001110705;80.2183155865561
1585,1582,59.8161001110705;103.375866945797
1585,1586,66.4592836015762;88.2599899776098
1586,1585,66.4592836015762;61.882623175924
1586,1589,65.3402640981282;93.9024281147609
1589,1586,65.3402640981282;119.198636307356
1589,1590,59.4989687091957;58.3905042975875
1590,1589,59.4989687091957;87.6534864834503
1590,1593,65.7695969240231;82.8452908538638
1593,1590,65.7695969240231;102.355092756204
1593,1595,62.6138681258649;105.77762773023
1595,1593,62.6138681258649;114.313168842246
1596,1595,142.405708607051;184.843913249611
1593,1599,153.126486686836;235.67472393111
1596,2761,64.9561787367186;97.7809994108494
2761,1596,64.9561787367186;82.1993891503291
1599,2761,14.8252416459158;19.6500072108484
2761,1599,14.8252416459158;22.1266489606705
1598,2761,46.4194585000424;67.3595677423355
2761,1598,46.4194585000424;66.245592789589
1599,1601,60.4015338791194;110.639084699708
1601,1599,60.4015338791194;77.8384500404379
1590,1601,138.427222761327;187.149287149358
1601,1590,138.427222761327;228.669229236707
1601,1602,70.27376614624;86.2761047283852
1602,1601,70.27376614624;87.2774121106272
1589,1602,107.880745078288;150.57515151775
1602,1603,62.7287606914799;61.1519112840721
1603,1602,62.7287606914799;102.267078424189
1603,1586,106.457621383371;176.575595083132
1603,1604,70.4978547624738;87.2589777687004
1604,1603,70.4978547624738;129.776576455142
1585,1604,112.832577861915;134.252252955962
1604,1605,61.8910987052051;101.921817930886
1605,1604,61.8910987052051;114.883881489977
1576,1578,109.98186344225;171.294882328702
1582,1605,101.314795626631;140.557769475954
1605,1582,101.314795626631;168.849373015346
1605,1578,60.1961294029553;85.8819856163117
1578,1605,60.1961294029553;82.1398080153538
1577,1578,64.9903702353972;60.4067834224385
1575,1577,103.864419653404;110.649614806767
1577,1575,103.864419653404;134.217049884692
1574,1577,74.0517820094051;123.877768930151
1577,1574,74.0517820094051;133.972529862167
1574,1546,108.069194912032;191.399567543182
1573,1574,63.2386951282884;110.966848059
1574,1573,63.2386951282884;63.1773554621122
1547,1573,104.349166760511;196.312206825203
1573,1547,104.349166760511;108.011175145124
1533,1548,55.5142332737334;63.3400024486177
1548,1547,62.7542850253481;67.704378539735
1547,1548,62.7542850253481;96.1731707357537
1548,1572,102.175130763709;188.68134603033
1572,1573,61.8813753648183;74.191180514041
1573,1572,61.8813753648183;113.465390362545
1570,1572,66.2871197364536;74.9251305349146
1572,1570,66.2871197364536;110.996070910561
1549,1548,65.6973360891128;95.1800515498136
1548,1549,65.6973360891128;112.377786811604
1570,1549,104.968050964618;96.5409452105859
1549,1570,104.968050964618;165.003202070816
1570,1507,57.8841311922438;92.0663767327911
1507,1570,57.8841311922438;97.7478141036603
1507,1550,110.649854734953;134.854589576371
1507,1553,122.153178111111;160.470055618396
1553,1556,195.440309261397;206.901743366727
1507,2762,47.1272719313969;79.0479169720676
2762,2763,88.4974800929681;117.654760688846
2763,2764,133.621324818032;193.536646509529
2764,2765,67.8691908112231;108.515172589928
2765,1562,55.9548773056946;72.9297702148031
1554,1556,101.223096747648;154.56476533293
1556,1554,101.223096747648;181.39639254194
1556,1562,87.1817256738826;129.234314003315
1562,1556,87.1817256738826;159.089846741613
1562,1561,75.9829661573959;105.101011508854
1561,2766,49.0348606664721;79.8599861313011
2766,1560,57.5424298447096;76.9008180206221
1560,1566,83.93704318474;96.4335358416675
1566,1559,90.9093039462415;120.313584879753
1556,2767,62.2701484619388;112.298963371993
2767,1556,62.2701484619388;57.228754324255
1563,2767,80.9156883025214;134.456692804311
2767,1563,80.9156883025214;94.7510170976896
1569,1563,66.9396474285278;80.2876508089439
1563,1569,66.9396474285278;83.5753976919019
1563,2768,72.9477139217767;123.699350882563
2768,1563,72.9477139217767;100.867306652501
1565,2768,59.7338516038702;81.1672281018481
2768,1565,59.7338516038702;74.3273917135121
1568,1565,91.4585111774302;114.803851316192
1565,1568,91.4585111774302;146.720804002111
1564,1565,70.6331223456582;78.8852706066348
1565,1564,70.6331223456582;86.0512743256859
1567,1564,123.519007331687;201.403655161861
1564,1567,123.519007331687;136.077825150011
1514,1511,149.183728900405;136.374092447152
1511,1564,64.6859534526833;97.9305261528419
1564,1511,64.6859534526833;95.4666307491992
1510,1511,75.9320037177877;85.6505104412088
1511,1510,75.9320037177877;78.5333377972111
1370,1512,82.6309380018749;111.601990321255
1369,1370,141.833380176836;182.297874803985
1371,1370,110.515783538275;147.953428230845
1369,1510,70.5810205926605;91.5691156675645
1510,1369,70.5810205926605;74.8712817115397
1371,1368,48.3387987068964;50.7002768584624
1368,1371,48.3387987068964;44.4840381475967
1368,1369,63.89210446215;104.713164730752
1369,1368,63.89210446215;62.006616437992
1366,1368,66.6214040504241;86.3111706353718
1368,1366,66.6214040504241;78.4626916271173
1372,1367,174.591763879027;250.764139985537
1367,1372,174.591763879027;292.84038110344
1367,1366,65.3615626783818;92.8142994830628
1366,1367,65.3615626783818;105.145351608336
1366,1365,107.367352082115;191.107182164679
1365,1366,107.367352082115;136.545600997323
1435,1368,111.581928044273;137.286924963004
1436,1369,124.403187617267;213.845158371463
1508,2769,65.9974567146878;66.8147297832269
1436,2769,54.1697822589941;92.2345343375854
2769,1369,70.2762941903036;84.1782657285316
1510,1508,100.601800299475;150.012920701876
1511,1509,134.719454360166;215.151054771045
1509,1511,134.719454360166;251.891593225659
1564,1559,162.703892480868;249.39863866606
1559,1564,162.703892480868;291.989992220387
1559,1509,64.240584576697;113.538041267205
1509,1508,63.3889731846097;98.8330431708621
1509,1559,64.240584576697;61.7779535631471
1508,1509,63.3889731846097;71.605992506426
2769,1508,65.9974567146878;79.2338222130888
1367,1355,73.2140417123069;107.946538284752
1366,1355,35.1625442093616;53.9554627240852
1355,1366,35.1625442093616;64.3860310108179
1355,1356,70.9014391910905;126.892657614133
1356,1357,47.8741327220058;82.7044097049863
1365,1357,68.4014347686002;73.8610944869078
1357,1365,68.4014347686002;76.9947774981514
1355,1354,34.946406825057;63.4633519924451
1354,1355,34.946406825057;56.4142982188289
1354,1356,62.7416844189954;91.9126371788797
1356,1354,62.7416844189954;94.2455501737998
1354,1133,61.645540656725;76.5357333219473
1133,1354,61.645540656725;110.080902131422
1133,1134,220.897016997762;215.251955350034
1133,1132,65.4862445341485;120.445155246376
1132,1133,65.4862445341485;118.878741745422
1132,1131,65.3949558016721;72.5008038324431
1131,1132,65.3949558016721;83.9166037479022
1130,1131,57.6013574957515;53.8785320155308
1131,1130,57.6013574957515;96.8463117273214
1129,1130,68.2490476822583;81.2583849374862
1130,1129,68.2490476822583;69.6460859220289
1128,1129,64.2470316271146;102.980187252253
1129,1128,64.2470316271146;115.10097297744
1127,1128,66.3226318281566;84.9020724480672
1128,1127,66.3226318281566;104.794921395369
1127,1126,65.009025976709;113.853093151707
1126,1127,65.009025976709;113.428866204004
1347,1127,100.276884901511;98.8544623711324
1128,1348,105.266578638252;193.663704027209
1349,1129,101.857234185717;151.959490397479
1126,1125,84.006181998965;75.6833739098891
1125,1126,84.006181998965;128.999519534454
1346,1126,107.66062477162;187.87090793572
1126,1346,107.66062477162;117.78140719329
1125,1124,67.2607309489145;99.6286410633891
1124,1125,67.2607309489145;67.7934494941306
1345,1125,71.048047378335;120.655944372435
1125,1345,71.048047378335;124.145475693283
1124,1344,37.5875560021921;44.612978862457
1344,1124,37.5875560021921;45.6782388948621
1124,1123,66.5736169687218;64.9339203623585
1123,1124,66.5736169687218;64.4994834222591
1123,1339,70.5428173615151;100.580050379628
1339,1123,70.5428173615151;90.2758858262443
1338,1339,64.8717729573201;92.7810671832235
1339,1338,64.8717729573201;73.8243946012652
1122,1338,71.4980831203556;83.3970753389472
1338,1122,71.4980831203556;103.126439959267
1117,1121,204.512507090974;339.606041923641
1121,1117,204.512507090974;330.465547467455
1121,1120,60.6206307719386;89.4360450596747
1120,1116,221.078050745744;364.758232297361
1114,1119,224.660662734323;319.961406019681
1119,1118,66.3290190188962;99.6032682565829
1118,1112,223.749466042566;314.283340605857
1102,1118,106.450784432203;150.68835876984
1119,1325,109.559916957982;118.892487775898
1120,1119,63.2604236505049;65.8217297527688
1118,1103,68.6207227602566;74.3215755739134
1103,1104,96.1426654382056;136.009282622858
1104,1103,96.1426654382056;111.584317062783
1105,1104,117.432217235542;206.729405910518
1104,1105,117.432217235542;182.654348139606
1103,1100,62.4298389790234;99.3549741891017
1100,1093,69.8461903324657;102.934932039106
1100,1166,145.640521722431;158.89562732371
1093,1086,251.461616302927;327.293625074434
1082,1165,144.624502938768;248.339041450826
1165,1086,78.1529046841196;145.959964002016
1165,1164,193.708919159394;338.969606087185
1164,1165,193.708919159394;314.059163251815
1164,1078,143.958707468797;226.965330200959
1085,1164,74.734580786709;118.39788158687
1086,1085,196.936125773355;346.37360575945
1085,1074,64.492284301607;58.2993661977696
1074,1075,223.303876007838;307.065514100047
1075,1074,223.303876007838;328.983213477746
1074,1073,70.6380881018554;69.4109261057699
1073,1072,64.0825093189599;78.4129817639336
1073,1070,212.923462994219;394.988131582074
1066,1072,217.438710321621;231.464454971667
1072,1069,64.7815508053339;92.4855191584644
1069,1067,212.469862112511;264.889588965673
1068,900,95.1150759493738;125.948712044718
900,897,121.131528843461;161.724957825498
1069,897,64.4298362278859;95.2971155180912
897,896,64.5156698736023;69.3971072301245
896,899,109.750451808632;136.850892070589
896,895,64.3863758764674;62.3827120772113
904,901,110.811083558847;136.004076191502
901,904,110.811083558847;181.20614648867
895,901,104.902565915493;97.7597047640915
901,895,104.902565915493;102.219232969118
895,894,59.2042891172345;109.99500742473
894,893,64.4322559311673;76.4276422240053
894,902,102.896403025617;160.098801351533
902,903,114.949656499777;103.638340583418
905,907,103.840577449885;179.803073815069
907,893,113.915884722261;117.124735629955
893,892,69.0020276780287;63.0500291732574
892,908,111.175887550958;158.574544950598
908,906,109.471930395625;145.160277971502
892,499,63.1081523202531;99.9982151102367
499,909,104.626812432614;179.366733463061
909,499,104.626812432614;111.84014539878
909,910,118.413214199329;172.029209383806
910,909,118.413214199329;144.015386796701
499,498,75.9293244818662;126.7917508822
498,911,106.078483046077;116.183292417155
911,912,107.228212970074;181.404269985947
498,495,58.5672888693752;108.92344911948
915,913,105.457530571678;164.616944526357
913,495,117.134599217656;115.538175960795
495,492,65.3668359864876;101.188223073079
492,914,115.880139469559;178.626901153914
914,916,108.845761828102;129.92064425626
492,487,68.0199645530841;69.6220972476978
918,917,109.832862383427;154.587113507274
917,487,109.435276378123;172.769954094823
487,486,66.2588248877711;71.8732465590975
920,919,104.828366013807;161.959154471675
919,486,114.272303957067;112.121264587993
486,485,64.0748366129224;111.383828544083
485,484,66.0544099525747;64.6895607117323
921,485,114.273422123303;107.182232007465
922,921,108.733439842935;180.845477329552
923,484,106.478643028835;185.694282739761
484,923,106.478643028835;120.086808529203
483,925,111.430317870478;187.895209099197
925,483,111.430317870478;159.351908113036
484,483,73.1253439329057;97.4779826536917
478,927,119.758624150328;145.93774674401
927,928,102.545679756366;131.451720726402
478,475,66.6558776922366;122.661282316924
929,475,113.53347704267;113.228261643874
963,442,55.3426749331669;83.869025556325
442,445,110.94123650996;145.74783295359
443,442,54.4749035940218;99.309641741434
442,946,70.4245827515734;67.562178246289
946,442,70.4245827515734;102.663712685056
443,439,181.916431789736;276.910803000911
442,440,58.7659197389861;84.8476288043292
440,442,58.7659197389861;83.2433197855294
440,441,24.258913383072;37.7504110136152
441,440,24.258913383072;32.4332755005772
441,430,198.775292264232;353.12949419469
441,438,63.6921898210074;60.1565810068776
438,441,63.6921898210074;61.961666290654
439,437,62.61474688695;107.212416530507
437,439,62.61474688695;111.451842078801
439,438,55.674151756552;104.203420956957
438,439,55.674151756552;67.778813303561
429,435,80.277203442862;147.284184950651
435,438,85.9099282687445;87.916276662828
437,425,130.76194311404;164.907581926396
425,437,130.76194311404;210.540543777185
425,968,102.015614401226;165.372650974597
968,967,113.915803783119;186.28662905589
982,980,110.766187163657;191.650893607636
980,982,110.766187163657;167.372855341393
982,424,106.499011172393;190.655884440895
424,982,106.499011172393;192.173353219593
425,424,62.1464882023047;73.8489952561867
424,425,62.1464882023047;116.749341510297
424,423,60.8701025438533;113.959051332682
981,983,110.674971137534;101.232075612362
983,423,108.803094299596;110.917669143752
985,984,113.589988517034;185.913883457262
984,985,113.589988517034;166.587007015511
394,984,104.395592412357;157.548983796713
984,394,104.395592412357;115.770168896472
423,394,74.5019102769931;123.406497924613
394,392,67.9600028514995;120.209090435998
987,986,104.85368880308;186.277207839716
986,392,115.066978055747;162.384068744096
392,391,62.8360703175854;85.664145362021
391,989,104.938007524411;174.53670321539
989,988,119.138493705183;184.120098622363
391,389,64.62787843891;114.328844285349
991,990,109.336994915904;175.187083305871
990,389,103.268940139863;153.63960778989
993,992,109.234936145132;163.350660545183
387,993,109.709536786622;144.209968632534
389,387,65.4017445793723;94.6683056641615
387,385,65.0491077762519;98.274531314641
995,994,117.875884838672;216.40033654623
994,385,100.651473436814;139.230804049911
385,383,58.3440023891378;99.033529677801
383,996,99.742938236627;172.13117243505
996,997,115.975740347756;177.134333143433
383,381,65.4035678163288;97.1862645167826
999,998,113.311343629046;110.418371732413
998,381,107.265199042519;104.180802657881
381,380,65.3881988460317;83.1205445473867
380,1000,117.533175509586;135.948334882927
1000,1001,108.418542908637;107.316636063413
380,377,63.5529228207701;105.462933769856
1002,377,99.5487298418889;170.08554105527
1003,1002,120.644642991831;207.051588225344
377,375,62.8408030930223;84.0048056988035
375,1004,92.7263727235306;105.251590360736
1004,1005,127.105938874646;129.311011114977
375,372,65.3900535812578;63.3859967615272
1006,1008,112.079505749694;155.952217731227
1008,372,108.815679870673;168.145842791843
372,371,60.8776943422761;86.9033064923755
371,372,60.8776943422761;70.9119855889515
371,368,63.058888646469;64.2417100181335
368,371,63.058888646469;97.6624007599414
371,1009,111.338463392513;120.472991799026
1009,1007,115.180267321017;127.522979708686
1011,1010,116.968137824887;172.365382788685
1010,368,105.583230058082;117.015678026108
368,367,64.4601000224116;111.229399741613
367,365,68.4030020696934;114.006586545374
367,1013,110.43595771482;151.426500426205
1013,1012,108.858573614547;133.003256584938
365,1014,109.168179440533;196.019888955236
1014,365,109.168179440533;128.763786347206
1014,1018,108.106541538923;155.810870898503
1018,1014,108.106541538923;143.432110166001
1015,1017,120.726424122701;187.170630018053
1015,1014,59.2796680580954;107.227449269626
1016,1015,74.1540184783396;108.582534117235
1834,1016,57.813598195006;67.5704712900355
1834,1797,123.036559184116;156.283276779899
1019,1016,126.612873121555;162.63004030137
1016,360,94.2676064054604;115.223337738783
362,1015,98.207124018766;159.450718981185
365,362,59.2625008818829;76.640082084237
362,360,72.8432946384586;123.917426073054
360,361,60.5965874393429;105.860049425972
361,1834,99.2990731469978;90.8513943856543
361,1833,62.4699669713373;89.177414063258
1835,1833,112.483202074012;109.298433997536
1813,1835,113.674977655322;152.487984954633
1833,1836,65.5396595007627;120.868796219526
1836,1832,101.667729899206;187.168745059968
1832,1814,118.78680584251;156.244537489487
1815,1831,131.965722514726;130.415361011829
1831,1837,81.2464224105882;134.695665611972
1836,1837,62.4375772014342;106.579751574187
1837,1831,81.2464224105882;90.3134453774702
1831,2770,60.7117376955258;73.0498975270049
2770,1831,60.7117376955258;111.782242760239
1838,2770,97.4772052214718;150.990142062606
2770,1830,41.8930027283722;45.9332931981561
1830,1816,79.3180877844395;120.447180275926
2770,1839,66.6475888610276;80.1315949312848
1839,2770,66.6475888610276;79.696675275599
1817,1829,67.3540620058967;73.3492560000855
1829,1817,67.3540620058967;105.298722433355
1829,1839,45.1884877461694;47.9806132960772
1839,1829,45.1884877461694;60.5957142649001
1840,1839,102.31001022769;151.140018342817
1839,1840,102.31001022769;161.519764974998
1837,1838,60.853291824783;106.492886957801
1838,1840,65.4494757184907;78.9942960285712
1840,1827,70.5761872221089;67.0191211637409
1827,1828,141.235804703046;258.725738518629
1828,1818,77.3638026418073;120.465151157469
1827,1841,119.416344161379;149.107178700248
1841,2771,11.8713460557563;11.5221589842596
2771,1826,127.39387522954;154.768978572236
1826,1824,89.1478190773926;163.333138880857
1826,1828,129.516743285831;162.163818546143
1828,1826,129.516743285831;186.608466919909
1828,1829,71.9208885681132;76.098124109528
1829,1828,71.9208885681132;96.1760093477018
1829,1830,66.3035508822508;112.961159472587
1830,1829,66.3035508822508;96.1167965726363
1830,1831,80.1394710066937;129.899094753722
1831,1830,80.1394710066937;132.170308542577
1826,1825,35.377630483285;35.3997642203132
1825,1826,35.377630483285;47.24444290535
1823,1825,96.3774149197481;143.527685044327
1842,1825,124.522560718901;161.678014645021
1825,2772,44.9693711021332;59.6654676096788
1823,2772,133.058335277119;170.595195631998
1842,2773,17.9973810478739;29.8087211171136
2772,2773,88.9413878629806;156.041701047233
2771,1842,40.5592779821495;58.7316589619141
1856,1857,108.633205658361;107.786639447982
1857,1851,113.049259983286;190.207321868823
1856,1858,61.9495227293821;105.787126909849
2773,1856,64.6076967272854;84.6838349102298
1858,1898,72.2743240539444;106.872197910357
1852,1854,126.687076697997;227.544569244675
1854,1858,95.2622635236523;100.147628900135
1858,1859,127.399247575139;156.725668750661
1855,1853,139.625436130839;160.207464255141
1861,1860,134.945934254828;134.235481407158
1860,1855,65.2455432550813;97.20676435777
1860,1859,83.0525800601588;150.098730467918
1859,1905,59.5712497768809;103.569470604535
1905,1864,213.111237953074;357.966573668329
1865,1904,214.440333915408;281.16615477265
1867,1906,212.453225560356;306.837536197643
1906,1867,212.453225560356;351.332338692009
1871,1867,61.4135836796461;113.8176979243
1871,1869,80.9334974227552;96.7825778455367
1872,1871,68.0977612156001;117.299634124015
1872,1870,83.595861442044;85.203837076288
1870,1872,83.595861442044;88.757592875022
1873,1872,57.812053001835;53.5699952952067
1874,1873,60.7202612230407;79.5719056574535
1914,1874,62.4742704550542;62.3214266299657
1914,1915,224.476027250962;385.987941294265
1916,1874,214.653873493698;363.96422271066
1873,1912,210.639869609862;276.541038076354
1911,1872,221.369937511916;237.526179175928
1871,1907,213.027652033886;241.353192827212
1905,1904,62.3186132420664;94.5303939215498
1904,1906,69.5206562031307;127.062735930853
1906,1907,71.9255628957526;88.6350030541017
1907,1911,61.8859498390151;85.7806342317372
1911,1912,60.2519204854139;105.79394363739
1912,1916,62.8449107399044;106.440028944315
1916,1915,60.8932043986811;66.8797272416631
1915,1917,53.8028795666369;100.166704534977
1917,1918,58.4753161917192;58.2385306461103
1918,1919,63.5725569139532;112.748741446139
1919,1920,74.2926574195755;134.925395681218
1919,2774,73.841652456855;122.594597324464
2774,1921,13.5530706869163;16.042803134975
1921,2774,13.5530706869163;13.7815549286313
1922,1921,189.798400552569;327.334085107859
1921,1922,189.798400552569;336.656050845331
2774,1920,23.1938347566967;36.3851802980579
2774,1923,71.2564648960198;108.138966501741
1923,1926,113.527128504368;114.231205872185
1924,1923,170.093237067645;275.580828941564
1925,2775,56.8711128051969;71.991401220594
2775,1923,112.853527193542;168.083467776804
2776,1925,29.6907605874193;48.5960606119834
1925,2776,29.6907605874193;50.4750544345085
1929,2776,36.9854326842068;60.0942234088568
1926,1927,64.6265674764091;63.8532435510235
1926,1925,108.710300639184;151.036670840099
1925,1926,108.710300639184;121.527993144609
1929,1927,99.9057700081561;127.050121076635
1927,1928,47.1073459639276;83.8979588872488
1928,1931,51.5287267503046;68.2836720564379
1928,1930,60.8299181520183;87.8434870056942
1930,2213,57.8489656029818;92.0579853446938
2273,1930,121.919029660776;221.413910470505
1931,2217,39.9759330409703;37.245484229308
2274,2273,56.5350386246922;91.1490907211602
2275,2274,66.3620478825122;81.5943700424973
2276,2275,63.3233498991831;95.5408884000721
2277,2276,60.1245767117504;69.7998141000828
2278,2277,63.84916205958;101.07388386309
2279,2278,54.1765568014235;63.9018584472859
2292,2279,69.6434902526283;71.9724803585225
2295,2292,64.2103760505183;115.165342140254
2297,2295,65.5643105613207;97.0726100002973
2298,2297,65.6489330792063;65.2004572790424
2301,2298,64.7693249773168;72.0296295485947
2304,2301,62.8724542024419;97.3439998299124
2308,2304,66.559153598351;90.7893046824563
2307,2308,59.6561116180116;107.398911624729
2311,2307,74.650910805824;127.150462106923
2312,2311,55.4154981330062;83.0265480523475
2314,2312,59.0972825538974;105.04539353449
2318,2314,73.9307341113238;99.0031628661379
2314,2318,73.9307341113238;89.2517532258029
2319,2318,36.0260065246889;39.8800054867508
2320,2319,62.3342301192633;99.6600666318211
2323,2320,54.1220932125684;67.7036678253181
2324,2323,63.9065830548016;94.4442812615454
2325,2324,63.5967584187545;101.129740147394
2434,2325,64.8548174138508;74.7001541086685
2435,2434,52.4601063472111;77.8187504267157
2437,2435,26.4938040222259;28.6978764151745
2436,2437,32.8777897891809;43.0705447731242
2438,2436,36.4268404526491;38.5859416487512
2439,2438,29.5405675559269;50.1375375921777
2440,2439,28.3263087716456;27.7516182289061
2441,2440,31.6740741939381;56.2119604448128
2442,2441,29.1927715455874;40.7297060582222
2443,2442,63.2702639060068;71.9918909056036
2557,2443,31.098204213671;35.7254262195335
2628,2630,62.8907195069921;79.8031303135572
2633,2630,74.6514019220105;92.9349796359141
2630,2633,74.6514019220105;72.4190193171616
