141,140,161.7;273.35
140,141,162.2;225.05
140,94,161.7;273.35
94,140,162.2;225.05
94,93,163.75;275.24
93,94,163.82;224.14
93,47,163.75;275.24
47,93,163.82;224.14
47,46,162.3;271.29
46,47,162.41;225.33
46,0,162.3;271.29
0,46,162.41;225.33
30,31,24.63;35.21
31,30,23.27;37.97
31,193,24.63;35.21
193,31,23.27;37.97
193,194,50.31;78.23
194,193,49.27;76.75
194,77,50.31;78.23
77,194,49.27;76.75
77,78,124.66;200.1
78,77,130.92;201.7
78,124,140.8;234.3
124,78,144.3;221.72
124,125,132.2;224.25
125,124,178.23;234.32
125,171,150.39;254.61
171,125,183.2;241.82
171,170,34.82;50.21
170,169,34.82;50.21
169,168,32.12;47.53
168,167,32.12;47.53
167,166,32.89;49.06
166,165,32.89;49.06
165,164,31.47;48.57
164,163,31.47;48.57
163,162,32.29;49.2
162,161,32.29;49.2
161,160,31.17;49.31
160,159,31.17;49.31
159,158,31.57;49.83
158,157,31.57;49.83
157,156,30.22;45.21
156,155,30.22;45.21
155,154,31.95;47.31
154,153,31.95;47.31
153,152,32.23;48.33
152,151,32.23;48.33
151,150,30.1;42.28
150,149,30.1;42.28
149,148,33.42;48.69
148,147,33.42;48.69
147,146,31.16;49.5
146,145,31.16;49.5
145,144,32.31;48.37
144,143,32.31;48.37
143,142,30.7;44.41
142,141,30.7;44.41
94,95,29.19;42.42
95,96,29.19;42.42
96,97,30.1;45.77
97,98,30.1;45.77
98,99,32.93;48.87
99,100,32.93;48.87
100,101,33.84;50.23
101,102,33.84;50.23
102,103,31.73;47.96
103,104,31.73;47.96
104,105,29.98;41.89
105,106,29.98;41.89
106,107,32.27;44.64
107,108,32.27;44.64
108,109,33.76;48.16
109,110,33.76;48.16
110,111,31.34;44.32
111,112,31.34;44.32
112,113,31.87;45.01
113,114,31.87;45.01
114,115,31.92;45.29
115,116,31.92;45.29
116,117,32.28;44.72
117,118,32.28;44.72
118,119,31.74;42.12
119,120,31.74;42.12
120,121,33.41;48.38
121,122,33.41;48.38
122,123,33.02;48.2
123,124,33.02;48.2
77,76,34.12;48.78
76,75,34.12;48.78
75,74,32.99;48.22
74,73,32.99;48.22
73,72,33.34;49.03
72,71,33.34;49.03
71,70,33.89;49.46
70,69,33.89;49.46
69,68,32.93;48.81
68,67,32.93;48.81
67,66,33.93;47.63
66,65,33.93;47.63
65,64,32.79;44.17
64,63,32.79;44.17
63,62,33.18;44.79
62,61,33.18;44.79
61,60,32.43;45.3
60,59,32.43;45.3
59,58,33.1;45.26
58,57,33.1;45.26
57,56,32.24;43.48
56,55,32.24;43.48
55,54,31.71;44.29
54,53,31.71;44.29
53,52,31.49;45.3
52,51,31.49;45.3
51,50,32.19;45.32
50,49,32.19;45.32
49,48,31.09;44.85
48,47,31.09;44.85
0,1,29.23;48.21
1,2,29.23;48.21
2,3,28.92;49.2
3,4,28.92;49.2
4,5,30.43;47.89
5,6,30.43;47.89
6,7,31.04;46.38
7,8,31.04;46.38
8,9,27.67;44.93
9,10,27.67;44.93
10,11,25.41;40.85
11,12,25.41;40.85
12,13,27.1;43.07
13,14,27.1;43.07
14,15,28.1;44.63
15,16,28.1;44.63
16,17,28.75;46.32
17,18,28.75;46.32
18,19,27.98;46.5
19,20,27.98;46.5
20,21,29.25;47.66
21,22,29.25;47.66
22,23,30.6;48.51
23,24,30.6;48.51
24,25,30.63;48.79
25,26,30.63;48.79
26,27,31.43;49.37
27,28,31.43;49.37
28,29,31.89;49.93
29,30,31.89;49.93
193,192,25.13;49.02
192,191,25.13;49.02
191,190,25.89;49.96
190,189,25.89;49.96
189,188,26.45;50.1
188,187,26.45;50.1
187,186,26.72;50.34
186,185,26.72;50.34
185,184,27.19;50.63
184,183,27.19;50.63
183,182,26.79;49.6
182,181,26.79;49.6
181,180,25.38;49.04
180,179,25.38;49.04
179,178,24.98;49.81
178,177,24.98;49.81
177,176,25.28;47.68
176,175,25.28;47.68
175,174,26.78;50.11
174,172,26.78;50.11
96,92,156.82;231.23
92,49,156.82;231.23
49,45,158.73;232.6
45,2,158.73;232.6
4,44,154.28;229.17
44,51,154.28;229.17
51,91,154.38;229.1
91,98,154.38;229.1
100,90,157.49;230.76
90,53,157.49;230.76
53,43,156.86;235.71
43,6,156.86;235.71
8,42,155.23;232.1
42,55,155.23;232.1
55,89,153.75;235.03
89,102,153.75;235.03
104,88,151.9;235.46
88,57,151.9;235.46
57,173,4.2;8.3
173,172,4.2;8.3
172,41,143.22;224.17
41,10,143.22;224.17
12,40,150.26;231.2
40,175,150.26;231.2
175,203,5.6;10
203,59,2.7;4.15
59,87,148.36;230.14
87,106,148.36;230.14
106,134,149.3;248.27
134,153,149.3;248.27
151,135,147.14;245.92
135,104,147.14;245.92
102,136,144.1;246.03
136,149,144.1;246.03
147,137,144.36;247.13
137,100,144.36;247.13
98,138,145.3;249.26
138,145,145.3;249.26
143,139,141.96;248.5
139,96,141.96;248.5
155,133,150.59;267.93
133,108,128.23;236.71
108,86,152.5;268.04
86,61,125;231.23
61,202,4.7;10.11
202,177,4.7;10.11
177,39,128.23;232.4
39,14,128.23;232.4
16,38,124.16;230.76
38,179,124.16;230.76
179,201,12.23;25
201,63,12.23;25
63,85,125.36;234.3
85,110,150.05;266.21
110,132,123.74;237.81
132,157,157.02;268.99
159,131,158.28;269.17
131,112,134.93;232.21
112,84,145.27;253.21
84,65,145.27;253.21
65,200,6.4;10.37
200,181,6.4;10.37
181,37,137.24;240.2
37,18,137.24;240.2
20,36,135.26;233.75
36,183,135.26;233.75
183,199,24;39.93
199,67,10.1;21.57
67,83,163.27;271.36
83,114,163.27;271.36
114,130,161.01;269.84
130,161,161.01;269.84
163,129,156.97;260.19
129,116,156.97;260.19
116,82,158.45;256.89
82,69,158.45;256.89
69,198,24.3;51
198,185,24.3;51
185,35,125.43;207.24
35,22,125.43;207.24
24,34,93.3;201.17
34,187,93.3;201.17
187,197,45.98;103.89
197,71,45.98;103.89
71,81,156.34;260.39
81,118,156.34;260.39
118,128,157.96;265.53
128,165,157.96;265.53
167,127,157.4;266.34
127,120,157.4;266.34
120,80,180.63;300.77
80,73,121.54;231.97
73,196,84.34;131.25
196,189,84.34;131.25
189,33,94.51;140.5
33,26,78.65;120.32
28,32,83.21;134.31
32,191,83.21;134.31
191,195,85.67;150.91
195,75,85.67;150.91
75,79,121.65;234.27
79,122,217.43;306.07
122,126,164.21;286.53
126,169,164.21;286.53
